BFS(1):[1, 12, 14, 15, 4, 10, 17, 11, 2]
BFS(2):[2, 11, 10, 15, 1, 4, 12, 14, 17]
BFS(3):[3, 16, 7, 8, 13, 18]
BFS(4):[4, 15, 17, 1, 10, 12, 14, 11, 2]
BFS(5):[5]
BFS(6):[6]
BFS(7):[7, 13, 16, 3, 8, 18]
BFS(8):[8, 16, 18, 3, 7, 13]
BFS(9):[9]
BFS(10):[10, 11, 15, 2, 1, 4, 12, 14, 17]
BFS(11):[11, 2, 10, 15, 1, 4, 12, 14, 17]
BFS(12):[12, 1, 14, 15, 4, 10, 17, 11, 2]
BFS(13):[13, 7, 16, 3, 8, 18]
BFS(14):[14, 1, 12, 15, 4, 10, 17, 11, 2]
BFS(15):[15, 1, 4, 10, 12, 14, 17, 11, 2]
BFS(16):[16, 3, 7, 8, 13, 18]
BFS(17):[17, 4, 15, 1, 10, 12, 14, 11, 2]
BFS(18):[18, 8, 16, 3, 7, 13]
BFS(19):[19]
BFS(20):[20]