DFS(1):[1, 15, 10, 11, 2, 4, 17, 14, 12]
DFS(2):[2, 11, 10, 15, 4, 17, 1, 14, 12]
DFS(3):[3, 16, 8, 18, 7, 13]
DFS(4):[4, 17, 15, 10, 11, 2, 1, 14, 12]
DFS(5):[5]
DFS(6):[6]
DFS(7):[7, 16, 8, 18, 3, 13]
DFS(8):[8, 18, 16, 7, 13, 3]
DFS(9):[9]
DFS(10):[10, 15, 4, 17, 1, 14, 12, 11, 2]
DFS(11):[11, 10, 15, 4, 17, 1, 14, 12, 2]
DFS(12):[12, 1, 15, 10, 11, 2, 4, 17, 14]
DFS(13):[13, 7, 16, 8, 18, 3]
DFS(14):[14, 1, 15, 10, 11, 2, 4, 17, 12]
DFS(15):[15, 10, 11, 2, 4, 17, 1, 14, 12]
DFS(16):[16, 8, 18, 7, 13, 3]
DFS(17):[17, 4, 15, 10, 11, 2, 1, 14, 12]
DFS(18):[18, 8, 16, 7, 13, 3]
DFS(19):[19]
DFS(20):[20]