BFS(1):[1, 2, 10, 19, 20, 12, 5, 6, 8, 17, 18, 7, 3, 9, 15, 14, 13]
BFS(2):[2, 1, 20, 10, 19, 17, 12, 5, 6, 8, 18, 7, 3, 9, 15, 14, 13]
BFS(3):[3, 8, 9, 15, 17, 19, 7, 13, 14, 20, 1, 5, 6, 2, 10, 12, 18]
BFS(4):[4]
BFS(5):[5, 7, 19, 9, 14, 1, 6, 8, 15, 2, 10, 12, 3, 17, 13, 20, 18]
BFS(6):[6, 12, 19, 10, 18, 1, 5, 8, 2, 7, 3, 9, 15, 17, 20, 14, 13]
BFS(7):[7, 5, 9, 14, 19, 8, 15, 1, 6, 3, 17, 13, 2, 10, 12, 20, 18]
BFS(8):[8, 3, 9, 15, 17, 19, 7, 13, 14, 20, 1, 5, 6, 2, 10, 12, 18]
BFS(9):[9, 7, 8, 5, 14, 3, 15, 17, 19, 13, 20, 1, 6, 2, 10, 12, 18]
BFS(10):[10, 1, 12, 2, 19, 6, 18, 20, 5, 8, 17, 7, 3, 9, 15, 14, 13]
BFS(11):[11]
BFS(12):[12, 6, 10, 18, 19, 1, 5, 8, 2, 7, 3, 9, 15, 17, 20, 14, 13]
BFS(13):[13, 15, 8, 14, 3, 9, 17, 19, 7, 20, 1, 5, 6, 2, 10, 12, 18]
BFS(14):[14, 7, 15, 5, 9, 8, 13, 19, 3, 17, 1, 6, 20, 2, 10, 12, 18]
BFS(15):[15, 8, 13, 14, 3, 9, 17, 19, 7, 20, 1, 5, 6, 2, 10, 12, 18]
BFS(16):[16]
BFS(17):[17, 8, 20, 3, 9, 15, 19, 2, 7, 13, 14, 1, 5, 6, 10, 12, 18]
BFS(18):[18, 12, 6, 10, 19, 1, 5, 8, 2, 7, 3, 9, 15, 17, 20, 14, 13]
BFS(19):[19, 1, 5, 6, 8, 2, 10, 7, 12, 3, 9, 15, 17, 20, 14, 18, 13]
BFS(20):[20, 2, 17, 1, 8, 10, 19, 3, 9, 15, 12, 5, 6, 7, 13, 14, 18]