DFS(1):[1, 19, 8, 17, 20, 2, 15, 14, 7, 9, 5, 13, 3, 6, 12, 18, 10]
DFS(2):[2, 20, 17, 8, 19, 6, 12, 18, 10, 1, 5, 7, 14, 15, 13, 9, 3]
DFS(3):[3, 8, 19, 6, 12, 18, 10, 1, 2, 20, 17, 5, 7, 14, 15, 13, 9]
DFS(4):[4]
DFS(5):[5, 19, 8, 17, 20, 2, 1, 10, 12, 18, 6, 15, 14, 7, 9, 13, 3]
DFS(6):[6, 19, 8, 17, 20, 2, 1, 10, 12, 18, 15, 14, 7, 9, 5, 13, 3]
DFS(7):[7, 14, 15, 13, 8, 19, 6, 12, 18, 10, 1, 2, 20, 17, 5, 9, 3]
DFS(8):[8, 19, 6, 12, 18, 10, 1, 2, 20, 17, 5, 7, 14, 15, 13, 9, 3]
DFS(9):[9, 8, 19, 6, 12, 18, 10, 1, 2, 20, 17, 5, 7, 14, 15, 13, 3]
DFS(10):[10, 12, 18, 6, 19, 8, 17, 20, 2, 1, 15, 14, 7, 9, 5, 13, 3]
DFS(11):[11]
DFS(12):[12, 18, 10, 1, 19, 8, 17, 20, 2, 15, 14, 7, 9, 5, 13, 3, 6]
DFS(13):[13, 15, 14, 7, 9, 8, 19, 6, 12, 18, 10, 1, 2, 20, 17, 5, 3]
DFS(14):[14, 15, 13, 8, 19, 6, 12, 18, 10, 1, 2, 20, 17, 5, 7, 9, 3]
DFS(15):[15, 14, 7, 9, 8, 19, 6, 12, 18, 10, 1, 2, 20, 17, 5, 3, 13]
DFS(16):[16]
DFS(17):[17, 20, 2, 1, 19, 8, 15, 14, 7, 9, 5, 13, 3, 6, 12, 18, 10]
DFS(18):[18, 12, 10, 1, 19, 8, 17, 20, 2, 15, 14, 7, 9, 5, 13, 3, 6]
DFS(19):[19, 8, 17, 20, 2, 1, 10, 12, 18, 6, 15, 14, 7, 9, 5, 13, 3]
DFS(20):[20, 17, 8, 19, 6, 12, 18, 10, 1, 2, 5, 7, 14, 15, 13, 9, 3]